                                                               G                                                                                                   22222222222222222
                                                             33333                                                                                             22222222222222222222
                                                                                                                                                                2222222222222222222
                            G                    33333333                                                                                                     222222777777222222222
                        333333333                                   333333                                      G                                         28777777722227777777777
                                                                                                       3333333                                            2222222222222222222222222


                                                                                                                                                                                  2
                                  333333                                33333333                                                                                                  2
              G                                   G                                                                                                                               2
33333333333333333333333333333333333333333333333333333333333333333333333333333333333333333333333333333333333333333333333333333333333333333333333333333333333333333333333333333333333
33333333333333333333333333333333333333333333333333333333333333333333333333333333333333333333333333333333333333333333333333333333333333333333333333333333333333333333333333333333333
